0.000000000000000000e+00 0.000000000000000000e+00
0.000000000000000000e+00 4.882812500000000000e-02
9.765625000000000000e-02 1.464843750000000000e-01
1.953125000000000000e-01 2.441406250000000000e-01
2.929687500000000000e-01 3.417968750000000000e-01
3.906250000000000000e-01 4.394531250000000000e-01
4.882812500000000000e-01 5.371093750000000000e-01
5.859375000000000000e-01 6.347656250000000000e-01
6.835937500000000000e-01 7.324218750000000000e-01
7.812500000000000000e-01 8.300781250000000000e-01
8.789062500000000000e-01 9.277343750000000000e-01
9.765625000000000000e-01 1.025390625000000000e+00
1.074218750000000000e+00 1.123046875000000000e+00
1.171875000000000000e+00 1.220703125000000000e+00
1.269531250000000000e+00 1.318359375000000000e+00
1.367187500000000000e+00 1.416015625000000000e+00
1.464843750000000000e+00 1.513671875000000000e+00
1.562500000000000000e+00 1.611328125000000000e+00
1.660156250000000000e+00 1.708984375000000000e+00
1.757812500000000000e+00 1.806640625000000000e+00
1.855468750000000000e+00 1.904296875000000000e+00
1.953125000000000000e+00 2.001953125000000000e+00
2.050781250000000000e+00 2.099609375000000000e+00
2.148437500000000000e+00 2.197265625000000000e+00
2.246093750000000000e+00 2.294921875000000000e+00
2.343750000000000000e+00 2.392578125000000000e+00
2.441406250000000000e+00 2.490234375000000000e+00
2.539062500000000000e+00 2.587890625000000000e+00
2.636718750000000000e+00 2.685546875000000000e+00
2.734375000000000000e+00 2.783203125000000000e+00
2.832031250000000000e+00 2.880859375000000000e+00
2.929687500000000000e+00 2.978515625000000000e+00
3.027343750000000000e+00 3.125000000000000000e+00
3.173828125000000000e+00 3.222656250000000000e+00
3.271484375000000000e+00 3.320312500000000000e+00
3.369140625000000000e+00 3.417968750000000000e+00
3.466796875000000000e+00 3.515625000000000000e+00
3.564453125000000000e+00 3.613281250000000000e+00
3.662109375000000000e+00 3.710937500000000000e+00
3.759765625000000000e+00 3.808593750000000000e+00
3.857421875000000000e+00 3.906250000000000000e+00
3.955078125000000000e+00 4.003906250000000000e+00
4.052734375000000000e+00 4.101562500000000000e+00
4.150390625000000000e+00 4.199218750000000000e+00
4.248046875000000000e+00 4.296875000000000000e+00
4.345703125000000000e+00 4.394531250000000000e+00
4.443359375000000000e+00 4.492187500000000000e+00
4.541015625000000000e+00 4.589843750000000000e+00
4.638671875000000000e+00 4.687500000000000000e+00
4.736328125000000000e+00 4.785156250000000000e+00
4.833984375000000000e+00 4.882812500000000000e+00
4.931640625000000000e+00 4.980468750000000000e+00
5.029296875000000000e+00 5.078125000000000000e+00
5.126953125000000000e+00 5.175781250000000000e+00
5.224609375000000000e+00 5.273437500000000000e+00
5.322265625000000000e+00 5.371093750000000000e+00
5.419921875000000000e+00 5.468750000000000000e+00
5.517578125000000000e+00 5.566406250000000000e+00
5.615234375000000000e+00 5.664062500000000000e+00
5.712890625000000000e+00 5.761718750000000000e+00
5.810546875000000000e+00 5.859375000000000000e+00
5.908203125000000000e+00 5.957031250000000000e+00
6.005859375000000000e+00 6.054687500000000000e+00
6.103515625000000000e+00 6.152343750000000000e+00
6.250000000000000000e+00 6.298828125000000000e+00
6.347656250000000000e+00 6.396484375000000000e+00
6.445312500000000000e+00 6.494140625000000000e+00
6.542968750000000000e+00 6.591796875000000000e+00
6.640625000000000000e+00 6.689453125000000000e+00
6.738281250000000000e+00 6.787109375000000000e+00
6.835937500000000000e+00 6.884765625000000000e+00
6.933593750000000000e+00 6.982421875000000000e+00
7.031250000000000000e+00 7.080078125000000000e+00
7.128906250000000000e+00 7.177734375000000000e+00
7.226562500000000000e+00 7.275390625000000000e+00
7.324218750000000000e+00 7.373046875000000000e+00
7.421875000000000000e+00 7.470703125000000000e+00
7.519531250000000000e+00 7.568359375000000000e+00
7.617187500000000000e+00 7.666015625000000000e+00
7.714843750000000000e+00 7.763671875000000000e+00
7.812500000000000000e+00 7.861328125000000000e+00
7.910156250000000000e+00 7.958984375000000000e+00
8.007812500000000000e+00 8.056640625000000000e+00
8.105468750000000000e+00 8.154296875000000000e+00
8.203125000000000000e+00 8.251953125000000000e+00
8.300781250000000000e+00 8.349609375000000000e+00
8.398437500000000000e+00 8.447265625000000000e+00
8.496093750000000000e+00 8.544921875000000000e+00
8.593750000000000000e+00 8.642578125000000000e+00
8.691406250000000000e+00 8.740234375000000000e+00
8.789062500000000000e+00 8.837890625000000000e+00
8.886718750000000000e+00 8.935546875000000000e+00
8.984375000000000000e+00 9.033203125000000000e+00
9.082031250000000000e+00 9.130859375000000000e+00
9.179687500000000000e+00 9.228515625000000000e+00
9.277343750000000000e+00 9.375000000000000000e+00
9.423828125000000000e+00 9.472656250000000000e+00
9.521484375000000000e+00 9.570312500000000000e+00
9.619140625000000000e+00 9.667968750000000000e+00
9.716796875000000000e+00 9.765625000000000000e+00
9.814453125000000000e+00 9.863281250000000000e+00
9.912109375000000000e+00 9.960937500000000000e+00
1.000976562500000000e+01 1.005859375000000000e+01
1.010742187500000000e+01 1.015625000000000000e+01
1.020507812500000000e+01 1.025390625000000000e+01
1.030273437500000000e+01 1.035156250000000000e+01
1.040039062500000000e+01 1.044921875000000000e+01
1.049804687500000000e+01 1.054687500000000000e+01
1.059570312500000000e+01 1.064453125000000000e+01
1.069335937500000000e+01 1.074218750000000000e+01
1.079101562500000000e+01 1.083984375000000000e+01
1.093750000000000000e+01 1.098632812500000000e+01
1.103515625000000000e+01 1.108398437500000000e+01
1.113281250000000000e+01 1.118164062500000000e+01
1.123046875000000000e+01 1.127929687500000000e+01
1.132812500000000000e+01 1.137695312500000000e+01
1.142578125000000000e+01 1.147460937500000000e+01
1.152343750000000000e+01 1.157226562500000000e+01
1.162109375000000000e+01 1.166992187500000000e+01
1.171875000000000000e+01 1.176757812500000000e+01
1.181640625000000000e+01 1.186523437500000000e+01
1.191406250000000000e+01 1.196289062500000000e+01
1.201171875000000000e+01 1.206054687500000000e+01
1.210937500000000000e+01 1.215820312500000000e+01
1.220703125000000000e+01 1.225585937500000000e+01
1.230468750000000000e+01 1.235351562500000000e+01
1.240234375000000000e+01 1.250000000000000000e+01
1.254882812500000000e+01 1.259765625000000000e+01
1.264648437500000000e+01 1.269531250000000000e+01
1.274414062500000000e+01 1.279296875000000000e+01
1.284179687500000000e+01 1.289062500000000000e+01
1.293945312500000000e+01 1.298828125000000000e+01
1.303710937500000000e+01 1.308593750000000000e+01
1.313476562500000000e+01 1.318359375000000000e+01
1.323242187500000000e+01 1.328125000000000000e+01
1.333007812500000000e+01 1.337890625000000000e+01
1.342773437500000000e+01 1.347656250000000000e+01
1.352539062500000000e+01 1.357421875000000000e+01
1.362304687500000000e+01 1.367187500000000000e+01
1.372070312500000000e+01 1.376953125000000000e+01
1.381835937500000000e+01 1.386718750000000000e+01
1.391601562500000000e+01 1.396484375000000000e+01
1.401367187500000000e+01 1.406250000000000000e+01
1.411132812500000000e+01 1.416015625000000000e+01
1.420898437500000000e+01 1.425781250000000000e+01
1.430664062500000000e+01 1.435546875000000000e+01
1.440429687500000000e+01 1.445312500000000000e+01
1.450195312500000000e+01 1.455078125000000000e+01
1.459960937500000000e+01 1.464843750000000000e+01
1.469726562500000000e+01 1.474609375000000000e+01
1.479492187500000000e+01 1.484375000000000000e+01
1.489257812500000000e+01 1.494140625000000000e+01
1.499023437500000000e+01 1.503906250000000000e+01
1.508789062500000000e+01 1.513671875000000000e+01
1.518554687500000000e+01 1.523437500000000000e+01
1.528320312500000000e+01 1.533203125000000000e+01
1.538085937500000000e+01 1.542968750000000000e+01
1.547851562500000000e+01 1.552734375000000000e+01
1.562500000000000000e+01 1.567382812500000000e+01
1.572265625000000000e+01 1.577148437500000000e+01
1.582031250000000000e+01 1.586914062500000000e+01
1.591796875000000000e+01 1.596679687500000000e+01
1.601562500000000000e+01 1.606445312500000000e+01
1.611328125000000000e+01 1.616210937500000000e+01
1.621093750000000000e+01 1.625976562500000000e+01
1.630859375000000000e+01 1.635742187500000000e+01
1.640625000000000000e+01 1.645507812500000000e+01
1.650390625000000000e+01 1.655273437500000000e+01
1.660156250000000000e+01 1.665039062500000000e+01
1.669921875000000000e+01 1.674804687500000000e+01
1.679687500000000000e+01 1.684570312500000000e+01
1.689453125000000000e+01 1.694335937500000000e+01
1.699218750000000000e+01 1.704101562500000000e+01
1.708984375000000000e+01 1.718750000000000000e+01
1.723632812500000000e+01 1.728515625000000000e+01
1.733398437500000000e+01 1.738281250000000000e+01
1.743164062500000000e+01 1.748046875000000000e+01
1.752929687500000000e+01 1.757812500000000000e+01
1.762695312500000000e+01 1.767578125000000000e+01
1.772460937500000000e+01 1.777343750000000000e+01
1.782226562500000000e+01 1.787109375000000000e+01
1.791992187500000000e+01 1.796875000000000000e+01
1.801757812500000000e+01 1.806640625000000000e+01
1.811523437500000000e+01 1.816406250000000000e+01
1.821289062500000000e+01 1.826171875000000000e+01
1.831054687500000000e+01 1.835937500000000000e+01
1.840820312500000000e+01 1.845703125000000000e+01
1.850585937500000000e+01 1.855468750000000000e+01
1.860351562500000000e+01 1.865234375000000000e+01
1.875000000000000000e+01 1.879882812500000000e+01
1.884765625000000000e+01 1.889648437500000000e+01
1.894531250000000000e+01 1.899414062500000000e+01
1.904296875000000000e+01 1.909179687500000000e+01
1.914062500000000000e+01 1.918945312500000000e+01
1.923828125000000000e+01 1.928710937500000000e+01
1.933593750000000000e+01 1.938476562500000000e+01
1.943359375000000000e+01 1.948242187500000000e+01
1.953125000000000000e+01 1.958007812500000000e+01
1.962890625000000000e+01 1.967773437500000000e+01
1.972656250000000000e+01 1.977539062500000000e+01
1.982421875000000000e+01 1.987304687500000000e+01
1.992187500000000000e+01 1.997070312500000000e+01
2.001953125000000000e+01 2.006835937500000000e+01
2.011718750000000000e+01 2.016601562500000000e+01
2.021484375000000000e+01 2.026367187500000000e+01
2.031250000000000000e+01 2.036132812500000000e+01
2.041015625000000000e+01 2.045898437500000000e+01
2.050781250000000000e+01 2.055664062500000000e+01
2.060546875000000000e+01 2.065429687500000000e+01
2.070312500000000000e+01 2.075195312500000000e+01
2.080078125000000000e+01 2.084960937500000000e+01
2.089843750000000000e+01 2.094726562500000000e+01
2.099609375000000000e+01 2.104492187500000000e+01
2.109375000000000000e+01 2.114257812500000000e+01
2.119140625000000000e+01 2.124023437500000000e+01
2.128906250000000000e+01 2.133789062500000000e+01
2.138671875000000000e+01 2.143554687500000000e+01
2.148437500000000000e+01 2.153320312500000000e+01
2.158203125000000000e+01 2.163085937500000000e+01
2.167968750000000000e+01 2.172851562500000000e+01
2.177734375000000000e+01 2.187500000000000000e+01
2.192382812500000000e+01 2.197265625000000000e+01
2.202148437500000000e+01 2.207031250000000000e+01
2.211914062500000000e+01 2.216796875000000000e+01
2.221679687500000000e+01 2.226562500000000000e+01
2.231445312500000000e+01 2.236328125000000000e+01
2.241210937500000000e+01 2.246093750000000000e+01
2.250976562500000000e+01 2.255859375000000000e+01
2.260742187500000000e+01 2.265625000000000000e+01
2.270507812500000000e+01 2.275390625000000000e+01
2.280273437500000000e+01 2.285156250000000000e+01
2.290039062500000000e+01 2.294921875000000000e+01
2.299804687500000000e+01 2.304687500000000000e+01
2.309570312500000000e+01 2.314453125000000000e+01
2.319335937500000000e+01 2.324218750000000000e+01
2.329101562500000000e+01 2.333984375000000000e+01
2.343750000000000000e+01 2.348632812500000000e+01
2.353515625000000000e+01 2.358398437500000000e+01
2.363281250000000000e+01 2.368164062500000000e+01
2.373046875000000000e+01 2.377929687500000000e+01
2.382812500000000000e+01 2.387695312500000000e+01
2.392578125000000000e+01 2.397460937500000000e+01
2.402343750000000000e+01 2.407226562500000000e+01
2.412109375000000000e+01 2.416992187500000000e+01
2.421875000000000000e+01 2.426757812500000000e+01
2.431640625000000000e+01 2.436523437500000000e+01
2.441406250000000000e+01 2.446289062500000000e+01
2.451171875000000000e+01 2.456054687500000000e+01
2.460937500000000000e+01 2.465820312500000000e+01
2.470703125000000000e+01 2.475585937500000000e+01
2.480468750000000000e+01 2.485351562500000000e+01
2.490234375000000000e+01 2.500000000000000000e+01
2.000000000000000000e+00 2.000000000000000000e+00
2.000000000000000000e+00 2.039117813110351562e+00
2.074840784072875977e+00 2.107727289199829102e+00
2.138276576995849609e+00 2.166925191879272461e+00
2.194047212600708008e+00 2.219952583312988281e+00
2.244887590408325195e+00 2.269036531448364258e+00
2.292523622512817383e+00 2.315415382385253906e+00
2.337726354598999023e+00 2.359421253204345703e+00
2.380422592163085938e+00 2.400615692138671875e+00
2.419854879379272461e+00 2.437971591949462891e+00
2.454780340194702148e+00 2.470086574554443359e+00
2.483694076538085938e+00 2.495410680770874023e+00
2.505057811737060547e+00 2.512474298477172852e+00
2.517522573471069336e+00 2.520095348358154297e+00
2.520117759704589844e+00 2.517552375793457031e+00
2.512401103973388672e+00 2.504706621170043945e+00
2.494553804397583008e+00 2.482068300247192383e+00
2.467415332794189453e+00 2.450798034667968750e+00
2.432452917098999023e+00 2.412647247314453125e+00
2.391673564910888672e+00 2.369843482971191406e+00
2.347483634948730469e+00 2.324927568435668945e+00
2.302510738372802734e+00 2.280562877655029297e+00
2.259401559829711914e+00 2.239326953887939453e+00
2.220614671707153320e+00 2.203510999679565430e+00
2.188227653503417969e+00 2.174937725067138672e+00
2.163772106170654297e+00 2.154817342758178711e+00
2.148113965988159180e+00 2.143655300140380859e+00
2.141388893127441406e+00 2.141216754913330078e+00
2.142997741699218750e+00 2.146551370620727539e+00
2.151661634445190430e+00 2.158081293106079102e+00
2.165537595748901367e+00 2.173738002777099609e+00
2.182377099990844727e+00 2.191141605377197266e+00
2.199719667434692383e+00 2.215106725692749023e+00
2.221349954605102539e+00 2.226288080215454102e+00
2.229704380035400391e+00 2.231417655944824219e+00
2.231285095214843750e+00 2.229207992553710938e+00
2.225130081176757812e+00 2.219041347503662109e+00
2.210978269577026367e+00 2.201020956039428711e+00
2.189293861389160156e+00 2.175961017608642578e+00
2.161223649978637695e+00 2.145315885543823242e+00
2.128498792648315430e+00 2.111055612564086914e+00
2.093285560607910156e+00 2.075496435165405273e+00
2.057999372482299805e+00 2.041101217269897461e+00
2.025098085403442383e+00 2.010268926620483398e+00
1.996869802474975586e+00 1.985127925872802734e+00
1.975237131118774414e+00 1.967353343963623047e+00
1.961591601371765137e+00 1.958022832870483398e+00
1.956673026084899902e+00 1.957522630691528320e+00
1.960505962371826172e+00 1.965513825416564941e+00
1.972394943237304688e+00 1.980959415435791016e+00
1.990982890129089355e+00 2.002211093902587891e+00
2.014365434646606445e+00 2.027148485183715820e+00
2.040251255035400391e+00 2.053358554840087891e+00
2.066156864166259766e+00 2.078339815139770508e+00
2.089616060256958008e+00 2.099714279174804688e+00
2.108389616012573242e+00 2.115428686141967773e+00
2.120654344558715820e+00 2.123929500579833984e+00
2.125158548355102539e+00 2.124292373657226562e+00
2.121325731277465820e+00 2.116301298141479492e+00
2.109304428100585938e+00 2.100465536117553711e+00
2.089953899383544922e+00 2.077975511550903320e+00
2.064769506454467773e+00 2.050600767135620117e+00
2.035756349563598633e+00 2.020537614822387695e+00
2.005254983901977539e+00 1.990221261978149414e+00
1.962118744850158691e+00 1.949624776840209961e+00
1.938516736030578613e+00 1.929020166397094727e+00
1.921326756477355957e+00 1.915589809417724609e+00
1.911921262741088867e+00 1.910389304161071777e+00
