0.0  2.0
0.0  2.0
0.0  2.0
0.048828125  2.0391178131103516
0.09765625  2.074840784072876
0.146484375  2.107727289199829
0.1953125  2.1382765769958496
0.244140625  2.1669251918792725
0.29296875  2.194047212600708
0.341796875  2.2199525833129883
0.390625  2.244887590408325
0.439453125  2.2690365314483643
0.48828125  2.2925236225128174
0.537109375  2.315415382385254
0.5859375  2.337726354598999
0.634765625  2.3594212532043457
0.68359375  2.380422592163086
0.732421875  2.400615692138672
0.78125  2.4198548793792725
0.830078125  2.437971591949463
0.87890625  2.454780340194702
0.927734375  2.4700865745544434
0.9765625  2.483694076538086
1.025390625  2.495410680770874
1.07421875  2.5050578117370605
1.123046875  2.512474298477173
1.171875  2.5175225734710693
1.220703125  2.5200953483581543
1.26953125  2.52011775970459
1.318359375  2.517552375793457
1.3671875  2.5124011039733887
1.416015625  2.504706621170044
1.46484375  2.494553804397583
1.513671875  2.4820683002471924
1.5625  2.4674153327941895
1.611328125  2.4507980346679688
1.66015625  2.432452917098999
1.708984375  2.412647247314453
1.7578125  2.3916735649108887
1.806640625  2.3698434829711914
1.85546875  2.3474836349487305
1.904296875  2.324927568435669
1.953125  2.3025107383728027
2.001953125  2.2805628776550293
2.05078125  2.259401559829712
2.099609375  2.2393269538879395
2.1484375  2.2206146717071533
2.197265625  2.2035109996795654
2.24609375  2.188227653503418
2.294921875  2.1749377250671387
2.34375  2.1637721061706543
2.392578125  2.1548173427581787
2.44140625  2.148113965988159
2.490234375  2.143655300140381
2.5390625  2.1413888931274414
2.587890625  2.14121675491333
2.63671875  2.1429977416992188
2.685546875  2.1465513706207275
2.734375  2.1516616344451904
2.783203125  2.158081293106079
2.83203125  2.1655375957489014
2.880859375  2.1737380027770996
2.9296875  2.1823770999908447
2.978515625  2.1911416053771973
3.02734375  2.1997196674346924
3.125  2.215106725692749
3.173828125  2.2213499546051025
3.22265625  2.226288080215454
3.271484375  2.2297043800354004
3.3203125  2.231417655944824
3.369140625  2.2312850952148438
3.41796875  2.229207992553711
3.466796875  2.225130081176758
3.515625  2.219041347503662
3.564453125  2.2109782695770264
3.61328125  2.2010209560394287
3.662109375  2.18929386138916
3.7109375  2.1759610176086426
3.759765625  2.1612236499786377
3.80859375  2.1453158855438232
3.857421875  2.1284987926483154
3.90625  2.111055612564087
3.955078125  2.09328556060791
4.00390625  2.0754964351654053
4.052734375  2.0579993724823
4.1015625  2.0411012172698975
4.150390625  2.0250980854034424
4.19921875  2.0102689266204834
4.248046875  1.9968698024749756
4.296875  1.9851279258728027
4.345703125  1.9752371311187744
4.39453125  1.967353343963623
4.443359375  1.9615916013717651
4.4921875  1.9580228328704834
4.541015625  1.9566730260849
4.58984375  1.9575226306915283
4.638671875  1.9605059623718262
4.6875  1.965513825416565
4.736328125  1.9723949432373047
4.78515625  1.980959415435791
4.833984375  1.9909828901290894
4.8828125  2.002211093902588
4.931640625  2.0143654346466064
4.98046875  2.027148485183716
5.029296875  2.0402512550354004
5.078125  2.053358554840088
5.126953125  2.0661568641662598
5.17578125  2.0783398151397705
5.224609375  2.089616060256958
5.2734375  2.0997142791748047
5.322265625  2.1083896160125732
5.37109375  2.1154286861419678
5.419921875  2.120654344558716
5.46875  2.123929500579834
5.517578125  2.1251585483551025
5.56640625  2.1242923736572266
5.615234375  2.121325731277466
5.6640625  2.1163012981414795
5.712890625  2.109304428100586
5.76171875  2.1004655361175537
5.810546875  2.089953899383545
5.859375  2.0779755115509033
5.908203125  2.0647695064544678
5.95703125  2.05060076713562
6.005859375  2.0357563495635986
6.0546875  2.0205376148223877
6.103515625  2.0052549839019775
6.15234375  1.9902212619781494
6.25  1.9621187448501587
6.298828125  1.94962477684021
6.34765625  1.9385167360305786
6.396484375  1.9290201663970947
6.4453125  1.921326756477356
6.494140625  1.9155898094177246
6.54296875  1.9119212627410889
6.591796875  1.9103893041610718
6.640625  1.911016583442688
6.689453125  1.913779854774475
6.73828125  1.91861093044281
6.787109375  1.9253970384597778
6.8359375  1.933984398841858
6.884765625  1.9441807270050049
6.93359375  1.9557597637176514
6.982421875  1.9684659242630005
7.03125  1.9820195436477661
7.080078125  1.9961235523223877
7.12890625  2.0104689598083496
7.177734375  2.0247416496276855
7.2265625  2.038630247116089
7.275390625  2.051831007003784
7.32421875  2.0640556812286377
7.373046875  2.0750365257263184
7.421875  2.084533214569092
7.470703125  2.0923376083374023
7.51953125  2.0982770919799805
7.568359375  2.102220058441162
7.6171875  2.1040775775909424
7.666015625  2.1038055419921875
7.71484375  2.101405620574951
7.763671875  2.0969254970550537
7.8125  2.090456962585449
7.861328125  2.082134962081909
7.91015625  2.072134494781494
7.958984375  2.06066632270813
8.0078125  2.0479724407196045
8.056640625  2.0343222618103027
8.10546875  2.020004987716675
8.154296875  2.005324363708496
8.203125  1.9905922412872314
8.251953125  1.976121425628662
8.30078125  1.9622193574905396
8.349609375  1.9491815567016602
8.3984375  1.9372848272323608
8.447265625  1.9267817735671997
8.49609375  1.9178954362869263
8.544921875  1.9108139276504517
8.59375  1.9056870937347412
8.642578125  1.9026228189468384
8.69140625  1.9016849994659424
8.740234375  1.9028918743133545
8.7890625  1.9062161445617676
8.837890625  1.9115849733352661
8.88671875  1.9188816547393799
8.935546875  1.9279488325119019
8.984375  1.9385905265808105
9.033203125  1.950577735900879
9.08203125  1.9636521339416504
9.130859375  1.9775328636169434
9.1796875  1.9919211864471436
9.228515625  2.006507635116577
9.27734375  2.020979166030884
9.375  2.0483412742614746
9.423828125  2.0606443881988525
9.47265625  2.071668863296509
9.521484375  2.0811774730682373
9.5703125  2.088966131210327
9.619140625  2.094866991043091
9.66796875  2.098752737045288
9.716796875  2.1005399227142334
9.765625  2.100188970565796
9.814453125  2.097707509994507
9.86328125  2.093147039413452
9.912109375  2.0866053104400635
9.9609375  2.078221559524536
10.009765625  2.0681750774383545
10.05859375  2.05668044090271
10.107421875  2.043983221054077
10.15625  2.0303549766540527
10.205078125  2.016087055206299
10.25390625  2.0014846324920654
10.302734375  1.986859917640686
10.3515625  1.972525954246521
10.400390625  1.9587894678115845
10.44921875  1.94594407081604
10.498046875  1.9342645406723022
10.546875  1.9240007400512695
10.595703125  1.915372371673584
10.64453125  1.9085637331008911
10.693359375  1.9037202596664429
10.7421875  1.9009456634521484
10.791015625  1.900298833847046
10.83984375  1.9017937183380127
10.9375  1.911033272743225
10.986328125  1.9185796976089478
11.03515625  1.927875280380249
11.083984375  1.9387202262878418
11.1328125  1.9508824348449707
11.181640625  1.9641010761260986
11.23046875  1.9780927896499634
11.279296875  1.9925577640533447
11.328125  2.007185935974121
11.376953125  2.0216639041900635
11.42578125  2.0356812477111816
11.474609375  2.0489377975463867
11.5234375  2.0611491203308105
11.572265625  2.072053909301758
11.62109375  2.081418037414551
11.669921875  2.089041233062744
11.71875  2.094759941101074
11.767578125  2.0984513759613037
11.81640625  2.10003662109375
11.865234375  2.0994813442230225
11.9140625  2.096797466278076
11.962890625  2.0920424461364746
12.01171875  2.085318088531494
12.060546875  2.076768159866333
12.109375  2.066575765609741
12.158203125  2.0549590587615967
12.20703125  2.0421671867370605
12.255859375  2.028473377227783
12.3046875  2.014171600341797
12.353515625  1.9995673894882202
12.40234375  1.9849740266799927
12.5  1.9570626020431519
12.548828125  1.9443423748016357
12.59765625  1.9328153133392334
12.646484375  1.922728419303894
12.6953125  1.9142978191375732
12.744140625  1.9077038764953613
12.79296875  1.9030879735946655
12.841796875  1.9005486965179443
12.890625  1.9001405239105225
12.939453125  1.901872158050537
12.98828125  1.905706524848938
13.037109375  1.911561369895935
13.0859375  1.919311285018921
13.134765625  1.9287900924682617
13.18359375  1.939794898033142
13.232421875  1.9520901441574097
13.28125  1.9654120206832886
13.330078125  1.9794753789901733
13.37890625  1.9939789772033691
13.427734375  2.0086119174957275
13.4765625  2.0230612754821777
13.525390625  2.0370168685913086
13.57421875  2.050180196762085
13.623046875  2.0622692108154297
13.671875  2.0730249881744385
13.720703125  2.082216739654541
13.76953125  2.0896480083465576
13.818359375  2.0951595306396484
13.8671875  2.098633050918579
13.916015625  2.099994421005249
13.96484375  2.0992143154144287
14.013671875  2.0963094234466553
14.0625  2.091341972351074
14.111328125  2.0844180583953857
14.16015625  2.075686454772949
14.208984375  2.0653340816497803
14.2578125  2.0535824298858643
14.306640625  2.0406832695007324
14.35546875  2.0269129276275635
14.404296875  2.012566328048706
14.453125  1.9979509115219116
14.501953125  1.983379602432251
14.55078125  1.969164490699768
14.599609375  1.955609917640686
14.6484375  1.9430063962936401
14.697265625  1.9316238164901733
14.74609375  1.921705961227417
14.794921875  1.9134652614593506
14.84375  1.9070782661437988
14.892578125  1.9026817083358765
14.94140625  1.9003697633743286
14.990234375  1.9001919031143188
15.0390625  1.9021520614624023
15.087890625  1.9062082767486572
15.13671875  1.9122734069824219
15.185546875  1.920217752456665
15.234375  1.9298709630966187
15.283203125  1.9410266876220703
15.33203125  1.953445315361023
15.380859375  1.9668614864349365
15.4296875  1.980987310409546
15.478515625  1.9955207109451294
15.52734375  2.0101499557495117
15.625  2.038447856903076
15.673828125  2.0515103340148926
15.72265625  2.063469409942627
15.771484375  2.0740694999694824
15.8203125  2.083082675933838
15.869140625  2.0903165340423584
15.91796875  2.095615863800049
15.966796875  2.098867416381836
16.015625  2.100001096725464
16.064453125  2.0989928245544434
16.11328125  2.0958645343780518
16.162109375  2.0906827449798584
16.2109375  2.0835585594177246
16.259765625  2.0746448040008545
16.30859375  2.0641322135925293
16.357421875  2.052245855331421
16.40625  2.039240598678589
16.455078125  2.025394916534424
16.50390625  2.011005163192749
16.552734375  1.9963798522949219
16.6015625  1.9818320274353027
16.650390625  1.967673420906067
16.69921875  1.954207181930542
16.748046875  1.9417219161987305
16.796875  1.9304848909378052
16.845703125  1.9207369089126587
16.89453125  1.9126865863800049
16.943359375  1.9065065383911133
16.9921875  1.9023292064666748
17.041015625  1.9002437591552734
17.08984375  1.9002951383590698
17.1875  1.9067579507827759
17.236328125  1.9130308628082275
17.28515625  1.9211666584014893
17.333984375  1.9309910535812378
17.3828125  1.942293643951416
17.431640625  1.9548320770263672
17.48046875  1.968338131904602
17.529296875  1.9825223684310913
17.578125  1.9970810413360596
17.626953125  2.011702060699463
17.67578125  2.0260727405548096
17.724609375  2.0398848056793213
17.7734375  2.052842378616333
17.822265625  2.0646684169769287
17.87109375  2.0751090049743652
17.919921875  2.0839409828186035
17.96875  2.090975046157837
18.017578125  2.0960605144500732
18.06640625  2.099088430404663
18.115234375  2.0999937057495117
18.1640625  2.09875750541687
18.212890625  2.0954058170318604
18.26171875  2.090010643005371
18.310546875  2.0826876163482666
18.359375  2.0735933780670166
18.408203125  2.062922954559326
18.45703125  2.0509045124053955
18.505859375  2.0377960205078125
18.5546875  2.0238776206970215
18.603515625  2.0094480514526367
18.65234375  1.9948159456253052
18.75  1.9661961793899536
18.798828125  1.9528212547302246
18.84765625  1.9404569864273071
18.896484375  1.9293681383132935
18.9453125  1.9197920560836792
18.994140625  1.9119340181350708
19.04296875  1.905962347984314
19.091796875  1.9020048379898071
19.140625  1.9001463651657104
19.189453125  1.9004266262054443
19.23828125  1.9028397798538208
19.287109375  1.9073339700698853
19.3359375  1.9138131141662598
19.384765625  1.9221382141113281
19.43359375  1.932131052017212
19.482421875  1.9435776472091675
19.53125  1.9562327861785889
19.580078125  1.9698253870010376
19.62890625  1.9840643405914307
19.677734375  1.9986445903778076
19.7265625  2.013253688812256
19.775390625  2.0275790691375732
19.82421875  2.041313886642456
19.873046875  2.0541634559631348
19.921875  2.0658531188964844
19.970703125  2.076132297515869
20.01953125  2.084780693054199
20.068359375  2.0916130542755127
20.1171875  2.0964832305908203
20.166015625  2.0992867946624756
20.21484375  2.099963665008545
20.263671875  2.098499298095703
20.3125  2.0949254035949707
20.361328125  2.089318037033081
20.41015625  2.0817975997924805
20.458984375  2.0725250244140625
20.5078125  2.061699151992798
20.556640625  2.0495517253875732
20.60546875  2.0363428592681885
20.654296875  2.022355556488037
20.703125  2.00788950920105
20.751953125  1.9932544231414795
20.80078125  1.9787638187408447
20.849609375  1.9647279977798462
20.8984375  1.9514477252960205
20.947265625  1.9392074346542358
20.99609375  1.9282692670822144
21.044921875  1.918867588043213
21.09375  1.9112036228179932
21.142578125  1.9054416418075562
21.19140625  1.901705026626587
21.240234375  1.9000738859176636
21.2890625  1.900583028793335
21.337890625  1.903221607208252
21.38671875  1.907933235168457
21.435546875  1.9146167039871216
21.484375  1.9231290817260742
21.533203125  1.9332880973815918
21.58203125  1.944875955581665
21.630859375  1.9576444625854492
21.6796875  1.9713202714920044
21.728515625  1.9856103658676147
21.77734375  2.000208616256714
21.875  2.0290791988372803
21.923828125  2.0427331924438477
21.97265625  2.055471897125244
22.021484375  2.0670223236083984
22.0703125  2.077136993408203
22.119140625  2.085599660873413
22.16796875  2.092228889465332
22.216796875  2.0968825817108154
22.265625  2.099461078643799
22.314453125  2.0999093055725098
22.36328125  2.098217248916626
22.412109375  2.094421625137329
22.4609375  2.0886037349700928
22.509765625  2.080887794494629
22.55859375  2.071439266204834
22.607421875  2.0604605674743652
22.65625  2.048187017440796
22.705078125  2.034881114959717
22.75390625  2.0208282470703125
22.802734375  2.006329298019409
22.8515625  1.9916945695877075
22.900390625  1.9772378206253052
22.94921875  1.9632686376571655
22.998046875  1.950086236000061
23.046875  1.937972903251648
23.095703125  1.9271881580352783
23.14453125  1.9179630279541016
23.193359375  1.9104951620101929
23.2421875  1.9049443006515503
23.291015625  1.901429533958435
23.33984375  1.9000259637832642
23.4375  1.9036273956298828
23.486328125  1.908555030822754
23.53515625  1.9154413938522339
23.583984375  1.9241390228271484
23.6328125  1.9344614744186401
23.681640625  1.9461877346038818
23.73046875  1.95906662940979
23.779296875  1.9728223085403442
23.828125  1.987160086631775
23.876953125  2.001772880554199
23.92578125  2.016347646713257
23.974609375  2.0305724143981934
24.0234375  2.044142246246338
24.072265625  2.0567665100097656
24.12109375  2.0681748390197754
24.169921875  2.078123092651367
24.21875  2.086397886276245
24.267578125  2.0928220748901367
24.31640625  2.0972583293914795
24.365234375  2.0996110439300537
24.4140625  2.099830389022827
24.462890625  2.0979113578796387
24.51171875  2.0938949584960938
24.560546875  2.087867498397827
24.609375  2.079958200454712
24.658203125  2.070336103439331
24.70703125  2.0592072010040283
24.755859375  2.0468103885650635
24.8046875  2.0334110260009766
24.853515625  2.0192956924438477
24.90234375  2.004767417907715
25.0  1.9757174253463745
